.keep
0.7725112151294178
0.9413559189708047
0.9926516267791403
0.2055667009569926
0.12202864237977562
0.09019553928468893
0.516568054540198
0.40158411981140296
0.36428029132210615
0.7022191440020975
0.5058352970401709
0.29277967714989783
0.26099116311605397
0.432679886376095
0.3192565569674355
0.20927212683061636
0.8021335783496881
0.6431524682490428
0.6859594302928069
0.012552240130177639
0.5299628643421483
0.9586480451684143
0.46704016983351315
0.029753664139273717
0.941188350260143
0.7446084792042587
0.26680827686950015
0.14991929711301255
0.2605055827766545
0.46229974462098977
0.28037820331120056
0.5544882896346175
0.5595406835289427
0.9014451310650353
0.21541057710533784
0.6656297143153358
0.8522197231487052
0.9775806091530639
0.5434319317969067
0.8077707677960213
0.5324609752894429
0.0756250139417991
0.6901560382863641
0.9843683415877382
0.2195107665788849
0.014745826496578296
0.21868224149495097
0.11412328051165765
0.5339622630011902
0.39660117714673104
0.830687967237282
0.583333785234716
0.5112010688998547
0.5484289767479289
0.7542849813405368
0.3411765771797326
0.4505818769729282
0.1614387626382876
0.9287698427823938
0.5248239430100419
0.8705392353083392
0.22800494714202002
0.032602345516242304
0.30491446441359793
0.19254002226773625
0.4896672850754269
0.12872374769668182
0.2144146347418472
0.735335602360893
0.1872607338677874
0.3300871304075399
0.9825583689462312
0.7278675344659324
0.37888637930823243
0.002774754999733231
0.7610142063980683
0.8853524088299483
0.35035912327693564
0.9375273529018189
0.41771971206712255
0.566816005448538
0.2948115538017628
0.4565334895251787
0.35813710558646994
0.45617971193167706
0.8552311388353495
0.19634319732746497
0.25831753669923296
